1
2
65
66
6
7
8
9
10
11
12
13
14
15
16
17
18
19
20
21
23
25
26
27
28
29
30
31
32
33
34
35
36
42
43
44
45
46
47
48
49
50
51
52
53
55
56
57
58
59
60
61
62
63
64
71
72
73
74
99
100
112
102
108
109
110
113
114
115
116
117
118
119
120
121
122
123
124
125
126
127
128
129
130
131
132
133
135
136
137
138
139
140
141
142
143
144
145
146
150
151
152
153
154
155
156
157
158
159
160
168
169
171
172
174
175
176
181
182
184
192
193
194
195
196
200
201
202
203
204
205
206
207
209
210
211
213
214
215
216
217
218
219
221
227
228
229
230
231
235
236
237
238
239
243
244
254
255
256
257
263
268
271
274
277
279
280
283
287
291
292
293
294
295
296
297
299
300
301
302
303
304
305
306
307
308
309
310
311
312
313
314
315
316
317
318
323
324
325
326
327
329
330
331
332
333